sans
attribute
thereafter
delays
discretion
anticipated
broker
replacement
focused
eat
lips
index
congo
0
2
fred
3
del
pac
boxed
macro
treasurer
0
wants
mesa
pharmacies
fatal
rl
effectively
raising
1
brilliant
scale
sprint
principles
starsmerchant
impact
tt
nurses
das
metres
papua
17
23
moving
much
2
music
eugene
denver
connecticut
announcements
penalty
carb
hose
15
12
cooked
44
50
32
11
nam
occurs
54
41
linear
ciao
18
52
older
31
thumb
seminars
ferrari
3
wilson
winner
51
memories
converted
18
strange
4
52
vegetable
26
6
implemented
determine
rfc
chargers
almost
76
33
37
grey
51
9
richmond
89
63
82
4
export
80
17
82
25
39
3
3
shorter
12
typically
104
74
1
commodity
31
guyana
sao
92
albert
4
72
76
114
74
salmon
123
44
79
20
123
deaf
53
120
91
23
6
24
104
82
80
91
91
57
abstracts
96
accommodations
24
79
6
threaded
9
82
12
92
11
62
88
31
39
cop
2
63
36
49
45
36
74
britain
172
45
10
19
33
3
28
sounds
70
23
53
stuff
membrane
25
150
63
cause
48
29
lady
5
clinical
23
92
34
8
129
18
89
34
150
66
96
38
25
7
194
112
34
80
31
150
92
189
76
44
27
9
99
112
33
36
76
63
121
23
32
26
44
72
99
80
150
104
189
70
154
47
85
33
92
194
91
29
148
31
50
194
91
3
112
25
31
135
82
20
34
19
129
33
28
184
11
12
164
34
47
90
sons
7
73
185
63
82
jersey
277
79
121
21
23
23
150
18
nov
1
148
34
52
70
99
6
123
52
45
20
77
62
150
verde
7
15
3
18
icq
180
hung
53
63
arrest
28
88
12
25
27
72
154
31
25
89
danish
70
164
44
192
47
15
conclusions
79
24
31
20
40
17
1
150
41
74
1
32
80
184
35
123
286
38
39
27
33
54
1
135
172
2
21
120
40
26
15
1
10
118
329
88
53
34
34
322
33
114
49
12
10
11
47
306
91
62
51
135
121
10
118
164
19
54
34
76
44
184
3
120
7
172
57
66
121
17
66
40
50
35
114
52
53
82
35
311
21
54
76
322
2
189
85
11
57
301
118
114
72
129
194
308
23
40
45
164
118
62
consultancy
120
27
180
51
32
10
7
23
89
18
47
92
129
49
3
88
24
44
41
36
432
92
114
3
154
311
8
114
25
11
27
50
104
164
180
36
38
10
322
25
271
72
96
286
35
184
4
172
9
49
286
31
26
164
70
135
53
164
432
0
40
37
18
36
82
90
33
34
24
17
73
76
11
104
37
45
23
27
51
6
11
91
92
189
26
0
185
48
80
72
76
194
322
89
2
53
1
154
18
39
19
44
148
10
322
5
114
12
172
20
9
23
18
80
96
329
180
271
48
32
99
nights
4
123
104
322
104
164
194
50
0
79
99
118
74
104
6
91
24
31
112
74
27
77
301
20
25
91
44
301
329
6
38
41
7
154
38
82
114
50
49
25
80
308
54
38
32
67
91
49
148
44
148
306
35
5
12
37
6
72
20
88
34
92
180
79
44
44
51
40
31
33
104
89
76
49
3
114
52
12
0
41
34
154
306
48
286
18
11
70
104
74
192
164
121
301
129
73
19
89
20
28
123
311
20
121
74
185
4
44
301
63
91
8
79
2
31
44
50
76
3
164
172
3
164
192
0
19
154
8
271
44
154
66
70
52
184
11
5
80
57
18
120
277
11
118
74
44
271
329
11
112
39
37
28
52
88
114
62
34
34
0
38
322
62
27
271
91
148
92
2
23
66
189
9
10
57
189
24
192
8
74
57
29
52
5
154
26
432
4
114
28
76
194
164
57
306
180
17
3
37
17
36
33
50
49
53
96
41
51
7
34
27
45
172
180
0
77
8
21
311
2
92
286
194
99
57
4
51
329
8
21
33
25
76
54
164
15
80
19
329
77
118
184
189
54
114
41
2
12
76
1
66
20
2
50
112
24
38
1
180
0
9
66
189
7
52
0
112
36
329
277
189
23
12
89
25
189
82
47
49
3
172
8
73
308
19
33
2
44
120
73
301
135
79
10
184
121
180
77
67
23
66
329
7
192
63
184
37
194
20
91
51
7
21
2
322
154
9
80
29
311
50
74
180
4
29
47
89
308
15
17
185
90
301
50
28
79
194
21
3
432
96
18
41
7
4
2
33
19
38
11
11
5
37
27
277
82
99
45
28
2
123
91
90
21
10
40
28
1
40
35
66
48
8
121
123
554
164
53
41
17
92
150
52
12
40
33
26
3
432
554
301
25
554
185
164
121
39
29
74
54
85
92
34
99
9
148
172
104
26
9
432
28
194
0
89
29
180
164
114
104
80
114
172
45
18
38
99
52
148
25
3
329
51
25
21
194
29
62
21
7
53
180
29
66
148
6
192
154
25
189
85
135
308
19
19
11
79
5
0
8
49
2
286
4
31
554
123
62
63
194
79
148
121
554
36
66
73
24
79
66
2
67
48
15
80
34
41
73
35
554
1
21
17
31
17
164
27
135
47
271
17
112
29
154
74
91
85
99
45
104
554
18
77
31
180
73
118
121
52
12
6
11
189
32
1
308
24
82
180
3
123
329
311
80
120
19
10
62
99
135
17
28
150
85
85
5
306
91
12
286
76
18
184
53
90
17
129
70
329
49
92
82
31
44
32
99
301
44
32
172
6
40
73
72
79
554
35
23
74
7
33
89
112
180
89
27
76
29
150
28
286
76
180
15
40
29
74
23
41
52
53
2
311
308
57
25
104
34
150
62
41
180
11
38
129
49
185
66
184
74
277
329
96
15
0
85
1
77
277
104
79
1
44
25
185
44
8
154
189
40
9
148
90
82
82
79
21
53
62
121
28
44
38
184
114
118
18
7
36
74
271
19
28
7
53
49
32
3
28
50
96
67
286
286
154
50
329
6
44
73
80
112
7
12
554
91
172
28
172
554
36
62
180
26
35
5
10
92
17
20
5
308
114
92
52
311
194
26
23
33
99
120
189
120
184
322
5
88
96
38
74
172
77
114
172
26
74
48
82
34
194
32
189
322
6
54
129
79
88
63
92
306
322
21
432
82
62
329
44
91
114
17
311
52
308
112
80
45
322
79
20
74
47
24
3
0
77
85
89
80
73
51
52
90
26
185
92
10
308
29
322
88
66
135
52
11
329
74
47
19
33
123
118
135
63
164
10
154
49
96
54
37
92
45
189
50
164
54
41
62
150
41
1
48
96
27
52
322
15
50
172
79
92
21
20
45
6
277
41
85
29
104
90
45
306
85
34
79
15
150
20
25
19
29
24
47
80
89
50
49
123
28
112
150
89
51
114
164
31
271
1
41
5
121
29
114
19
5
150
37
82
118
92
8
271
189
50
17
154
45
35
180
48
135
96
17
54
192
194
40
194
50
150
49
3
2
49
77
39
9
5
85
80
2
6
39
129
89
31
15
554
112
7
29
164
57
194
123
31
27
301
329
66
120
286
32
6
184
76
322
148
76
118
7
67
70
194
89
18
92
306
5
24
91
192
47
48
184
164
54
80
11
308
10
72
79
194
154
88
192
12
118
185
91
18
104
96
23
121
277
51
96
91
120
36
96
49
76
31
44
19
28
164
33
47
6
554
277
192
53
26
150
135
90
129
25
27
35
34
154
34
67
286
72
104
2
308
112
70
54
50
23
74
306
54
73
4
9
28
77
2
135
91
277
308
104
154
10
0
53
45
306
8
120
85
120
192
5
50
88
44
329
7
77
88
148
96
24
184
189
286
114
90
114
90
322
24
82
554
80
63
8
40
35
129
271
67
73
184
85
34
432
96
9
6
33
329
21
44
129
35
185
277
72
1
96
91
0
25
311
35
33
49
52
112
17
49
82
37
10
172
192
90
72
104
90
121
73
34
0
38
15
99
35
2
121
150
82
0
26
277
79
2
150
554
189
185
277
121
17
73
2
24
308
311
38
33
154
311
91
35
28
148
129
184
99
88
32
322
67
28
25
24
118
104
82
184
308
0
27
57
189
329
5
18
45
73
277
38
72
19
184
172
44
114
88
49
25
90
114
49
39
53
88
63
27
51
329
70
4
28
4
34
50
3
99
184
25
38
271
104
4
77
286
88
35
36
184
57
70
7
121
92
33
41
194
8
52
92
1
89
44
2
164
0
6
24
121
329
5
20
150
99
114
38
0
8
40
44
286
31
89
11
308
432
91
57
57
129
44
301
271
286
29
118
185
48
36
6
11
41
73
192
37
36
118
12
1
85
19
32
99
50
39
45
8
184
31
29
32
27
45
311
311
301
37
82
277
286
36
67
88
17
26
88
7
45
47
82
33
33
44
5
52
24
45
45
72
114
432
306
90
129
164
185
54
76
45
20
129
308
96
554
67
311
54
10
26
89
129
47
184
172
10
44
121
47
311
72
66
67
36
27
24
28
23
12
51
18
70
148
37
18
135
73
3
48
52
6
301
21
286
41
3
74
52
34
154
11
52
123
4
135
62
20
9
5
38
120
15
311
185
80
306
39
36
27
148
39
79
47
1
99
73
25
154
25
6
306
308
322
82
8
4
8
4
44
118
70
90
554
5
50
74
5
148
120
123
7
6
3
554
72
89
20
57
31
92
37
70
70
135
172
45
21
286
19
322
25
51
4
45
96
192
41
150
19
76
194
85
554
192
89
57
32
150
36
118
3
28
70
9
73
47
32
35
112
26
53
54
52
70
89
311
25
96
25
8
31
329
29
99
52
2
5
36
40
89
47
286
432
88
20
24
29
17
89
7
51
0
27
85
150
123
39
96
271
63
432
148
192
74
4
311
91
9
184
24
25
10
23
2
36
80
63
184
277
89
63
40
7
37
15
554
306
47
28
9
29
118
51
23
53
91
2
79
6
164
63
135
20
63
271
53
24
301
112
63
114
24
85
148
72
41
53
5
104
24
73
50
24
53
90
57
164
2
29
25
2
10
5
79
50
31
32
4
57
92
92
48
154
33
49
45
41
91
18
34
89
70
135
104
112
104
10
79
112
17
73
112
49
77
85
286
49
185
306
32
20
54
329
121
114
32
0
57
79
301
112
192
192
48
301
10
72
6
1
54
150
88
432
306
80
11
19
79
17
41
51
77
19
32
308
66
62
3
114
123
2
91
184
329
53
180
286
185
192
3
73
20
7
7
154
85
39
52
277
189
37
26
20
154
44
7
19
32
96
67
150
41
37
104
79
15
3
10
37
8
26
172
47
99
104
85
172
41
329
123
91
92
92
6
123
31
66
50
184
54
189
104
31
50
91
10
15
85
2
89
35
85
63
52
118
322
4
112
118
164
34
38
192
192
148
308
48
172
48
63
31
0
36
76
31
41
74
194
21
1
10
85
25
66
92
48
96
104
24
79
51
48
47
29
185
74
62
96
35
73
15
41
10
121
40
10
135
31
27
4
12
25
17
29
306
6
3
135
118
286
92
148
92
96
12
329
63
41
1
74
12
121
121
301
154
85
184
37
26
150
25
82
41
120
89
70
48
53
194
31
21
89
18
47
23
48
121
18
36
135
88
6
135
308
32
91
57
89
18
53
54
34
62
164
4
0
306
114
277
49
52
9
51
306
329
1
19
89
33
148
50
432
311
67
192
92
0
277
49
118
2
29
9
39
432
19
29
79
73
77
25
121
99
271
154
194
33
129
48
88
88
164
50
185
20
184
40
92
90
26
39
308
194
44
12
33
48
172
76
45
88
9
3
6
90
121
4
91
164
26
271
129
18
76
39
29
150
99
79
77
67
123
54
21
189
27
15
44
180
26
80
66
554
180
49
79
277
70
77
4
11
1
90
32
27
37
20
32
82
9
50
25
3
27
85
85
154
12
25
118
180
180
48
21
74
33
34
306
164
74
47
48
24
44
301
306
21
554
88
96
72
90
114
63
80
121
29
36
36
17
192
79
308
135
52
185
184
89
36
194
6
96
25
150
3
0
8
38
36
154
26
194
31
73
36
27
29
8
9
271
9
35
306
2
194
2
180
20
120
185
194
49
92
51
114
39
40
329
31
37
3
180
96
301
35
27
96
12
32
31
77
286
185
47
7
47
7
45
21
329
121
118
51
67
308
79
70
121
19
11
18
36
118
79
51
308
48
47
189
96
184
92
148
90
189
2
26
10
6
29
164
82
37
38
70
53
54
6
19
53
29
180
36
17
21
172
31
89
53
53
11
96
28
19
311
306
92
12
12
308
118
39
19
88
189
74
73
92
49
194
27
53
29
37
180
47
82
118
47
329
62
51
28
308
72
5
72
120
49
148
39
47
154
66
277
77
11
85
185
35
2
77
150
33
0
91
62
76
41
135
85
32
1
33
24
8
194
32
180
73
18
322
184
154
192
104
76
185
104
66
44
41
49
129
184
194
21
10
184
311
129
48
180
31
19
29
172
67
9
72
67
26
76
66
21
52
18
74
26
148
39
104
72
79
277
322
104
12
17
123
184
82
277
329
41
72
70
17
91
6
184
120
286
172
48
73
271
72
91
35
26
44
123
24
36
74
38
52
184
99
121
271
82
92
89
47
6
89
7
63
26
3
74
9
271
25
40
154
189
45
8
74
15
301
51
10
308
322
48
194
88
85
306
89
301
32
29
120
180
76
33
18
44
0
62
189
20
271
66
189
129
99
41
5
27
40
184
184
185
62
306
49
82
301
73
24
311
38
31
27
35
5
50
82
80
35
36
96
92
39
54
308
57
77
5
34
12
96
10
67
8
33
70
32
99
77
33
47
12
32
301
31
85
0
67
51
112
96
322
80
112
25
39
148
286
180
48
154
2
29
50
129
73
51
123
8
48
12
12
17
53
192
29
51
51
51
66
72
12
29
286
34
76
554
322
36
172
123
8
24
308
72
4
53
172
311
33
0
50
18
1
286
306
17
1
7
301
76
73
286
54
40
164
114
271
54
70
5
31
79
35
180
80
27
62
0
189
99
15
194
120
194
184
10
90
306
129
3
67
51
10
89
308
25
11
301
21
91
73
36
90
192
48
48
20
121
52
20
53
79
114
164
104
38
62
23
1
62
99
3
17
2
24
50
120
9
8
432
35
48
554
70
172
31
20
2
89
99
1
185
23
5
5
20
277
123
129
180
57
11
76
80
3
57
554
72
20
44
9
12
88
322
19
21
189
150
38
90
26
38
3
49
28
28
36
5
26
114
286
286
114
48
76
47
36
51
72
135
28
45
114
57
54
432
329
322
91
27
432
15
150
311
53
67
88
63
308
25
40
48
112
19
45
9
301
120
322
15
9
38
15
2
96
34
277
329
306
45
88
185
54
154
104
24
29
31
27
31
184
118
92
70
32
19
85
20
48
164
4
54
70
96
432
10
306
82
47
6
27
44
63
51
80
322
164
53
62
18
104
120
306
44
104
0
554
114
6
150
89
70
306
26
329
5
10
189
82
129
18
63
308
277
17
148
11
18
33
277
38
301
34
72
37
1
120
29
67
40
104
150
67
57
172
17
4
17
15
308
26
32
76
2
123
25
15
23
63
21
23
118
120
6
123
9
77
18
41
148
308
96
311
53
33
6
73
70
41
70
50
1
432
150
322
306
31
53
18
89
25
15
308
1
31
44
194
118
31
554
36
23
63
82
39
48
104
11
66
194
322
91
150
34
11
164
164
4
51
47
7
33
90
38
91
50
70
31
74
80
67
0
89
27
47
118
80
189
82
308
27
277
91
112
118
172
39
92
432
85
150
79
148
6
306
301
90
18
23
73
66
1
40
15
172
47
19
271
80
184
554
50
7
40
49
57
36
20
185
121
154
15
37
67
62
70
27
62
1
5
11
40
184
9
82
99
180
18
23
6
50
53
194
29
1
114
148
96
308
25
77
85
118
62
82
70
135
121
23
21
306
57
322
121
15
329
11
308
49
54
121
311
31
96
15
194
120
184
286
1
88
129
52
72
104
19
51
118
554
9
31
36
49
50
3
89
63
286
27
432
12
3
0
0
184
85
432
73
51
32
10
52
17
150
85
18
0
40
76
6
36
164
39
10
8
121
3
271
32
271
301
129
28
277
180
118
148
286
112
23
76
184
72
73
91
329
271
39
76
112
31
32
311
308
3
91
34
74
40
73
32
554
306
80
554
306
6
62
49
554
17
70
47
123
15
63
308
180
73
73
25
34
112
121
27
28
112
308
180
2
15
38
164
9
38
120
96
277
121
76
329
35
306
0
185
180
164
62
322
48
19
25
172
48
12
7
6
51
301
172
118
31
25
67
277
41
90
50
74
53
123
322
23
5
33
76
27
277
114
123
1
96
120
29
120
53
45
185
41
99
41
15
12
114
92
121
189
50
20
5
8
24
39
4
38
37
271
12
9
120
49
85
32
62
32
37
18
11
112
25
121
47
20
6
77
41
24
38
49
184
112
185
10
31
114
129
79
62
7
24
164
194
4
92
49
164
184
277
329
112
164
54
91
184
118
306
23
63
25
20
306
49
99
104
301
26
148
129
4
129
172
154
24
150
135
154
6
118
15
37
9
85
554
62
47
85
77
11
77
172
15
38
32
63
10
25
148
40
18
57
23
63
4
24
194
121
27
25
135
27
9
50
37
329
172
185
432
21
35
148
301
121
185
50
66
306
9
53
80
67
277
52
25
36
48
44
172
41
10
76
79
301
82
180
70
80
31
154
82
19
73
189
306
51
24
39
308
52
18
118
67
80
92
7
82
432
0
311
88
172
63
8
189
21
41
63
554
24
37
118
10
114
79
194
148
10
99
1
51
19
308
72
1
271
192
4
120
7
154
63
89
7
17
9
41
432
271
114
123
114
123
85
118
49
80
192
5
121
20
70
35
82
52
18
62
85
23
20
308
121
36
0
118
301
286
164
308
185
301
34
120
306
121
121
34
35
38
15
271
34
148
36
27
27
277
39
329
271
118
118
72
99
129
49
432
2
88
85
3
19
118
77
26
82
27
26
41
12
17
6
118
184
27
194
8
277
72
432
37
9
277
4
23
33
92
31
17
76
31
12
277
8
120
8
40
24
51
3
3
67
63
23
7
180
118
48
135
50
66
52
24
8
308
53
44
5
99
8
148
172
301
308
41
77
180
5
311
154
39
27
194
79
172
44
306
129
82
432
554
76
0
27
6
185
6
52
36
150
99
27
121
28
35
82
8
112
54
150
44
154
47
9
77
164
44
194
89
7
184
80
5
92
15
54
89
4
18
36
63
194
135
73
48
33
271
19
29
77
37
306
79
36
164
0
6
18
12
51
32
8
301
35
50
277
432
12
322
80
322
271
77
148
33
194
33
194
11
21
184
23
8
49
31
271
15
4
63
32
52
73
5
322
34
4
24
72
76
36
306
99
28
96
52
63
80
6
5
23
286
40
80
189
28
73
85
49
96
51
9
308
10
31
53
77
2
154
3
21
77
6
44
0
301
20
129
114
554
29
2
66
1
67
23
129
277
172
301
12
104
11
96
41
49
32
308
311
112
192
31
554
92
311
185
89
26
41
36
57
51
9
120
8
4
99
27
123
184
26
12
51
29
24
51
72
35
3
89
50
114
62
45
120
54
7
432
271
112
80
74
135
23
50
99
10
271
90
53
40
29
11
11
180
7
29
62
37
194
76
322
311
19
72
9
91
150
91
52
164
33
189
185
33
88
37
11
73
34
70
192
118
41
26
72
85
17
308
7
48
4
7
120
10
5
85
120
194
62
31
112
72
27
10
172
72
9
70
72
6
172
8
40
85
19
53
38
49
301
12
308
104
129
554
15
91
53
322
26
17
192
53
26
92
79
6
62
277
286
2
554
34
180
21
45
99
172
4
99
67
554
70
104
329
1
57
112
73
74
150
57
21
286
62
91
70
120
29
40
49
82
12
8
44
184
120
0
114
23
37
129
19
135
301
82
150
1
19
432
104
192
150
104
27
73
73
301
52
32
554
88
23
51
20
271
135
91
33
62
172
48
80
150
8
164
9
44
6
4
184
88
0
10
67
12
120
57
36
148
91
135
9
104
47
112
120
184
12
21
62
189
29
11
189
89
277
112
148
0
114
123
89
21
10
48
62
6
47
73
7
10
308
77
554
47
50
148
33
1
92
38
90
194
72
121
47
180
39
189
76
19
0
28
51
40
5
99
301
92
27
80
164
180
7
51
308
44
2
45
148
432
19
54
25
45
31
9
4
63
311
99
91
180
17
306
6
432
20
79
62
15
20
90
53
66
96
53
57
123
23
48
129
77
17
37
123
50
73
73
79
54
80
9
192
62
154
36
4
90
53
18
82
19
53
5
432
99
104
104
62
184
67
35
164
70
74
29
25
35
67
185
74
99
21
194
20
9
114
82
63
18
82
104
54
47
554
27
10
33
135
70
185
41
90
20
123
20
112
89
28
554
24
112
150
28
26
89
44
189
554
18
15
322
38
72
90
67
67
6
15
85
28
23
47
120
19
53
51
329
77
29
4
277
62
38
79
99
88
311
7
164
53
37
123
554
45
73
8
74
23
50
154
6
3
322
29
35
120
9
92
118
17
554
41
172
21
40
57
50
23
89
0
91
277
4
67
17
74
29
77
150
277
2
21
76
40
74
311
8
12
67
21
99
66
121
164
41
34
82
322
286
2
44
180
432
322
121
104
120
10
1
112
8
44
21
57
23
38
10
29
19
72
308
41
20
10
308
33
21
432
11
77
1
41
50
62
62
40
45
25
26
150
29
121
49
10
308
88
92
164
114
311
277
329
286
74
135
85
90
306
1
26
329
11
11
120
11
150
123
31
19
26
118
6
62
50
6
7
308
23
12
118
38
20
73
9
311
15
66
150
180
4
184
33
311
322
308
18
118
432
85
118
35
66
53
32
90
11
47
80
49
27
129
51
104
52
4
12
432
148
15
44
36
91
23
90
123
185
306
11
5
24
308
36
554
74
12
28
432
129
99
54
92
74
123
120
180
432
99
45
41
10
10
329
20
286
32
6
5
12
18
277
15
277
150
114
57
21
63
148
19
23
10
118
135
67
554
91
2
34
104
129
41
29
10
63
47
3
8
77
31
120
33
35
432
123
112
39
150
34
96
49
189
76
41
19
554
18
120
82
77
4
311
104
3
21
89
77
34
554
88
51
184
40
34
9
39
121
40
37
172
47
104
31
44
192
57
1
11
150
88
88
50
194
9
129
311
57
48
99
301
17
50
329
34
48
8
4
15
63
11
38
17
271
66
72
54
53
112
67
49
12
18
271
28
104
17
21
34
29
39
5
28
33
54
154
85
118
21
21
135
118
192
329
1
31
33
79
329
301
27
192
120
92
85
150
35
192
40
48
184
38
154
1
25
24
77
44
271
41
29
277
3
25
0
77
45
112
74
0
36
76
73
99
67
432
47
76
36
32
76
123
31
6
82
15
15
36
271
62
301
90
0
27
73
121
77
49
189
34
25
62
85
74
112
29
189
53
19
45
40
17
37
3
89
8
306
53
44
49
329
135
50
38
322
33
192
33
57
31
74
51
301
26
63
277
301
31
57
20
9
63
26
21
154
271
90
50
96
11
76
554
29
51
192
20
73
26
26
329
114
76
66
277
80
19
5
44
35
79
432
10
26
554
28
194
76
34
15
150
29
5
8
66
32
85
50
76
28
48
118
29
79
2
150
96
52
90
114
44
277
11
24
70
135
63
34
20
189
52
15
185
180
185
91
121
31
38
70
45
308
306
184
0
277
27
52
114
23
271
2
114
306
35
36
85
306
89
150
118
38
27
33
322
77
277
85
66
18
172
99
82
17
57
123
88
286
189
82
99
51
48
25
24
6
129
10
35
8
6
89
118
79
48
189
80
5
62
192
432
5
308
47
189
121
194
180
3
39
41
26
120
80
25
184
17
11
76
33
18
104
63
40
88
172
79
76
23
154
120
76
62
44
329
286
6
54
6
52
154
73
66
150
40
53
17
74
47
154
20
20
57
329
286
120
77
26
38
90
52
53
184
82
89
12
50
18
67
66
23
66
118
51
10
92
1
38
311
40
150
554
121
41
90
36
185
189
21
99
194
135
271
39
66
148
164
192
37
554
1
41
91
112
49
67
50
10
66
104
11
5
72
322
118
311
99
21
154
29
92
277
45
48
192
70
54
88
114
31
329
154
36
19
49
277
73
329
189
135
77
62
89
554
120
74
192
24
135
21
91
172
70
432
184
2
306
62
77
92
85
51
74
34
31
25
40
29
180
7
51
28
72
322
31
52
44
53
66
286
28
32
72
9
189
11
54
85
57
47
63
112
77
322
121
70
311
28
89
21
40
70
271
50
19
184
26
72
15
26
92
12
308
172
120
20
80
38
5
29
85
554
6
41
432
4
33
99
88
23
33
180
4
99
62
148
34
47
104
35
29
72
306
53
118
19
33
63
7
48
62
21
6
39
7
432
154
1
66
5
77
90
39
90
180
66
53
32
15
36
88
164
121
24
73
154
53
7
70
135
118
7
72
194
92
23
123
49
189
40
148
322
329
154
19
277
6
150
51
35
26
129
25
28
0
9
47
5
89
112
2
41
39
322
40
5
41
23
67
24
49
180
104
120
10
99
329
164
44
0
29
184
80
47
11
3
277
77
6
54
4
311
301
554
17
3
120
121
123
8
66
26
36
57
20
66
49
39
85
67
120
35
44
8
9
172
47
7
322
49
32
49
135
2
85
32
99
21
15
53
40
10
82
45
47
38
129
306
10
322
89
44
23
54
3
27
6
2
8
11
63
17
5
67
41
189
29
164
185
20
180
45
63
73
76
51
74
31
92
311
120
40
3
104
31
112
54
50
74
118
164
2
554
12
72
80
554
53
1
554
5
38
79
322
52
12
45
32
135
3
8
99
20
33
8
17
77
306
3
96
118
88
41
164
185
28
32
54
73
33
10
308
36
53
67
62
77
92
10
180
88
74
10
4
74
29
73
41
194
194
17
308
7
5
51
25
8
99
39
90
27
96
66
36
0
99
70
194
57
82
35
77
11
21
62
23
121
44
7
28
3
34
129
194
63
29
301
15
50
72
7
36
1
10
32
172
24
123
271
172
2
49
114
57
3
189
185
41
54
80
96
164
89
9
306
311
180
91
20
2
28
45
25
192
112
36
67
90
329
194
150
52
118
19
24
192
54
271
51
49
114
9
28
52
286
82
38
189
40
121
44
38
52
25
24
9
27
48
40
172
104
112
277
44
154
74
32
11
24
154
192
74
32
194
19
12
35
18
164
49
18
10
189
135
112
90
70
91
1
37
45
38
180
4
19
6
17
277
21
29
24
47
36
184
150
0
49
180
36
18
33
18
114
20
36
26
39
192
72
185
154
52
9
129
164
308
62
82
23
74
118
27
28
19
0
29
10
21
38
271
88
135
77
432
54
21
120
91
85
72
17
154
35
82
172
286
76
18
311
8
6
32
148
277
194
23
96
120
194
80
185
432
123
34
91
184
76
104
120
129
114
118
11
172
148
33
76
82
54
164
47
554
54
301
57
554
19
8
47
172
8
44
70
29
57
172
19
45
135
92
432
24
11
39
135
35
76
74
311
172
27
8
73
29
19
12
77
7
24
27
52
114
79
33
51
148
123
36
277
92
91
54
154
114
88
164
24
554
48
311
194
277
150
79
91
277
91
26
79
28
53
89
15
135
10
10
73
44
184
114
39
329
32
554
99
19
150
92
8
135
120
26
26
38
271
15
185
49
53
53
180
76
29
70
37
32
0
63
33
96
80
26
17
104
114
10
1
2
554
99
9
32
194
12
41
148
57
120
554
180
17
172
36
306
148
63
31
271
135
32
41
306
7
27
85
172
19
301
39
85
80
194
184
96
89
185
38
322
90
322
5
57
51
104
73
6
73
49
18
29
4
96
73
104
26
192
308
91
51
54
80
44
90
6
67
150
0
40
5
277
185
148
90
112
50
154
2
23
40
20
51
28
10
17
37
44
148
271
92
20
104
91
51
92
85
23
80
40
53
6
17
36
23
35
15
53
31
66
0
8
114
51
20
123
19
129
40
32
74
77
0
37
17
10
36
35
37
38
20
88
57
96
73
29
123
40
62
185
6
92
66
104
192
19
308
47
73
77
194
23
73
88
15
21
44
70
76
17
49
99
180
54
73
57
185
164
88
0
26
24
5
9
1
271
85
66
322
104
180
77
311
123
85
67
50
80
189
189
26
32
112
27
63
311
286
36
67
194
47
104
554
15
286
54
51
53
15
1
80
164
62
271
554
48
286
88
271
554
91
74
114
150
1
40
66
96
96
31
3
17
80
32
5
554
185
41
31
51
21
62
17
277
62
329
114
82
89
40
25
129
20
286
44
301
120
73
24
154
33
34
41
10
36
114
92
89
20
6
112
89
301
50
306
180
73
57
329
0
271
39
41
36
277
114
2
53
8
311
7
88
301
50
52
33
194
25
49
82
7
91
277
8
36
121
47
554
129
329
63
154
41
37
4
37
96
99
17
123
90
67
48
85
172
39
32
21
308
189
31
57
19
154
53
74
121
92
3
66
180
50
154
308
10
180
5
135
277
432
91
66
286
32
72
7
154
4
45
192
322
554
32
3
11
0
27
12
77
180
41
44
66
92
154
3
73
194
31
112
432
90
34
184
41
0
45
148
20
150
7
26
85
192
50
35
311
70
37
26
329
53
39
4
90
90
306
554
52
63
148
15
88
70
301
53
28
6
6
104
150
62
185
88
23
45
308
77
23
5
72
50
70
44
10
18
4
118
114
63
36
77
301
62
54
57
5
121
4
104
63
73
18
5
72
85
90
62
277
11
9
271
148
18
82
49
35
20
554
51
189
0
57
33
2
104
23
277
35
92
2
120
322
189
164
148
62
104
88
154
9
91
77
20
52
1
66
24
311
185
148
25
306
36
90
10
10
50
301
25
7
17
194
11
80
164
192
66
172
172
72
118
40
70
76
62
180
6
67
118
96
17
80
277
35
6
31
118
322
286
5
277
49
99
104
17
47
40
89
39
322
40
28
88
88
39
74
80
50
92
120
99
9
31
1
92
31
27
35
189
192
36
92
53
129
85
120
308
39
118
185
121
99
185
41
41
114
45
135
184
172
54
164
0
135
41
40
40
15
120
306
148
79
51
70
25
35
79
185
184
135
92
66
301
20
91
432
40
49
301
28
1
50
28
2
51
286
34
189
39
6
27
45
77
41
79
34
189
11
92
104
23
271
6
271
45
25
28
28
18
92
185
85
104
38
2
80
2
54
2
1
172
29
41
286
50
44
432
38
192
72
8
271
91
35
33
121
185
114
189
85
73
120
73
54
79
311
40
82
48
18
104
189
48
112
8
1
54
185
554
432
5
38
76
51
50
70
118
53
189
38
62
8
2
67
90
88
17
85
31
96
92
27
154
311
15
192
90
80
57
32
308
34
88
29
47
2
120
164
52
5
74
51
35
49
554
118
112
76
96
88
44
74
85
114
17
11
79
114
432
118
47
6
53
38
79
192
35
44
40
79
77
80
3
49
277
12
38
15
189
72
29
192
17
92
36
27
154
66
121
189
26
114
24
44
21
9
123
15
35
114
96
74
92
112
11
51
62
432
44
47
88
322
32
74
76
10
29
148
192
67
91
26
27
184
311
150
23
172
306
8
311
40
96
154
0
301
129
9
29
99
277
4
192
180
51
120
53
18
15
8
25
104
114
129
66
70
120
286
44
82
70
8
24
74
9
148
70
15
194
39
74
63
41
44
66
34
79
5
0
91
114
82
53
85
9
118
23
33
26
6
31
322
432
118
19
45
51
99
39
123
120
120
194
79
192
99
172
82
31
47
31
44
63
27
118
148
57
70
33
90
6
70
66
50
90
26
92
277
90
104
271
20
39
8
99
148
311
121
20
41
121
164
91
45
48
1
27
180
8
15
18
51
29
63
77
33
36
148
36
114
189
104
67
50
18
41
554
135
66
432
9
180
12
308
11
67
48
31
39
33
432
6
2
73
306
184
62
18
18
311
38
57
73
72
148
150
76
28
37
28
33
9
432
74
0
48
192
7
33
7
18
28
35
104
0
554
73
77
34
70
306
54
17
194
23
0
44
37
76
31
1
0
4
85
123
20
52
329
329
47
301
63
90
67
12
63
51
53
63
25
92
76
23
6
37
271
23
82
20
20
11
77
172
47
82
36
164
104
47
72
27
35
271
35
286
45
82
41
47
24
26
192
35
311
19
51
25
4
5
92
72
329
35
10
57
301
29
54
17
89
53
189
34
74
39
3
39
129
554
120
301
51
24
34
271
322
34
50
63
27
23
4
7
48
150
34
104
77
26
21
54
301
67
11
90
32
2
150
3
329
52
194
10
52
554
47
24
53
52
77
8
92
194
104
121
7
91
32
322
19
23
23
554
39
311
121
38
148
554
104
36
52
41
90
135
62
114
311
96
172
49
1
49
0
189
185
31
57
311
45
8
129
11
67
180
76
7
23
31
3
66
51
18
17
271
8
51
92
70
28
72
271
286
38
53
54
311
44
20
5
1
54
66
91
432
53
25
172
39
96
286
271
63
1
62
4
35
90
185
52
27
271
53
34
19
53
150
48
91
148
192
96
28
49
66
129
192
1
25
48
32
39
5
41
92
12
114
62
118
50
35
99
49
185
7
18
53
33
1
172
39
32
189
63
6
129
92
73
148
7
41
180
44
0
45
73
8
99
90
308
72
20
185
74
0
48
39
29
74
21
62
2
135
329
31
1
73
23
19
99
44
80
62
73
20
120
121
329
52
25
70
80
91
99
85
27
192
23
38
74
21
286
89
44
4
184
3
120
74
67
129
9
31
4
76
20
96
19
34
114
301
18
96
36
80
38
104
29
20
67
70
96
28
18
90
41
49
37
554
40
432
8
85
185
99
82
277
70
85
120
66
91
32
85
89
104
1
79
34
27
192
88
54
29
7
80
31
554
12
91
77
18
26
51
88
6
121
96
123
44
89
36
21
118
2
39
49
123
45
73
51
5
57
3
11
24
33
25
148
120
17
4
121
5
48
104
24
123
80
112
80
306
322
19
308
32
52
7
148
29
70
85
27
20
85
50
301
306
76
79
164
184
8
44
311
180
7
26
21
76
27
154
114
31
24
4
37
112
1
18
154
164
88
36
301
23
129
27
66
104
90
322
192
26
21
67
120
66
47
189
70
189
5
27
118
66
52
104
52
54
88
118
19
0
85
20
189
74
277
308
41
73
96
29
36
37
1
51
432
164
21
47
73
79
15
76
329
192
180
99
57
15
19
52
172
180
277
32
286
77
17
129
306
20
74
11
49
48
88
18
189
192
36
164
34
554
24
91
10
54
41
27
12
172
82
7
6
11
90
271
271
47
66
5
308
180
41
29
104
32
24
0
311
6
129
76
50
554
38
67
10
123
96
76
67
70
45
9
121
150
37
53
0
62
192
164
57
3
308
23
554
48
26
322
120
66
92
7
96
34
25
37
311
301
23
308
79
19
185
25
52
9
322
90
194
41
48
0
38
77
80
41
120
311
120
308
24
67
53
9
96
85
308
121
34
554
54
77
26
91
0
28
12
2
48
63
432
0
89
54
322
18
8
180
4
79
194
33
48
148
44
154
47
73
154
31
63
271
104
164
5
104
33
53
28
277
19
180
70
150
50
112
44
6
31
185
1
120
82
54
39
7
18
150
164
104
29
112
277
172
33
184
306
10
164
67
286
57
54
49
36
271
129
32
45
57
66
3
148
17
38
322
57
9
51
150
74
74
554
0
52
48
28
311
41
52
0
18
184
5
164
41
148
185
36
89
185
72
99
53
33
49
308
35
194
38
88
50
28
45
5
73
88
8
271
27
79
50
96
25
29
6
322
63
154
180
18
91
62
89
322
120
118
150
10
57
37
88
74
66
74
129
17
0
20
277
8
80
99
286
2
9
49
432
17
57
184
72
164
129
123
311
306
0
12
554
23
73
20
277
11
0
37
99
31
37
10
8
25
66
148
70
329
11
329
54
120
15
51
53
185
150
192
90
74
2
73
89
308
329
40
67
96
554
26
37
33
31
80
271
185
27
57
11
123
74
301
54
164
31
38
24
164
85
432
180
53
37
154
4
194
89
4
8
52
114
8
41
41
73
35
3
18
322
8
306
29
432
77
5
51
90
74
49
99
18
50
38
0
184
311
96
57
35
432
0
277
32
148
85
79
80
8
72
52
80
89
311
85
172
28
150
67
306
135
33
0
70
180
29
148
70
148
38
150
10
62
44
57
150
311
38
19
6
77
12
129
74
36
21
80
76
88
20
21
5
29
104
554
19
41
33
554
12
51
3
306
7
24
89
91
72
123
70
24
33
123
36
79
90
73
85
74
114
271
51
96
25
45
194
150
79
114
15
54
51
5
62
91
52
271
12
180
85
99
8
271
120
45
114
32
33
35
32
114
180
50
150
50
77
52
66
45
96
72
12
47
123
39
48
92
271
26
154
311
306
2
148
73
80
10
38
306
79
4
10
49
27
47
73
20
148
114
0
91
118
21
40
82
24
21
82
72
35
20
40
39
49
80
57
89
92
70
322
277
51
135
92
99
286
54
32
91
92
77
36
6
92
88
112
53
301
10
91
172
5
311
92
6
301
90
15
74
329
19
15
0
37
77
62
286
0
23
185
554
91
72
32
35
148
18
17
48
277
52
114
70
45
33
172
189
12
104
33
82
11
277
72
2
20
20
49
82
184
25
2
311
34
0
5
28
114
123
11
123
164
7
80
70
104
41
0
74
62
47
48
1
189
27
9
80
4
24
4
34
12
34
50
15
70
54
99
53
4
91
554
66
554
77
89
15
4
18
129
91
118
9
45
432
67
322
120
96
53
150
34
172
277
45
123
19
7
66
189
29
194
67
62
21
322
4
120
150
271
34
129
34
88
308
306
114
32
329
11
34
54
49
118
39
27
172
112
8
23
89
24
25
72
40
36
5
150
62
62
82
39
72
308
329
432
39
277
50
34
49
0
554
194
185
91
129
47
8
12
74
4
40
123
11
112
1
185
7
4
194
114
27
189
19
50
192
33
329
185
76
41
172
26
47
35
1
114
277
301
9
50
49
90
1
20
92
148
308
33
189
114
80
112
34
10
5
72
67
89
8
306
47
185
21
72
51
322
70
185
8
104
194
277
88
92
37
554
62
112
11
21
54
120
148
4
89
32
118
38
85
8
48
6
63
6
40
37
67
129
48
554
54
44
88
311
9
99
6
41
73
74
2
164
29
23
21
554
38
3
48
329
40
31
99
32
32
194
45
194
432
51
180
39
554
329
118
63
80
0
192
129
6
96
25
164
5
121
47
47
306
77
20
76
32
35
3
51
1
11
194
48
277
88
18
432
66
63
12
148
51
66
27
112
135
154
2
10
77
57
19
19
308
79
112
432
27
329
121
99
4
96
120
35
40
63
88
36
9
104
329
121
90
79
24
114
53
44
3
189
52
36
154
10
89
184
7
76
77
29
129
118
47
24
92
92
19
148
123
21
80
185
38
52
19
172
96
123
47
44
148
185
23
33
67
66
29
70
135
34
79
189
1
6
39
85
35
184
11
36
311
148
49
82
62
118
51
301
40
184
31
57
114
27
36
164
54
172
271
82
23
57
120
57
88
74
39
29
104
277
52
24
45
21
308
120
85
194
99
17
271
91
47
79
41
2
62
57
89
96
18
99
44
73
62
27
89
53
3
66
148
72
74
180
120
271
10
25
76
96
99
308
41
11
35
135
19
120
21
62
36
70
80
67
53
4
53
54
82
112
185
47
45
118
554
308
12
154
148
180
31
189
329
91
53
184
20
45
88
15
123
192
123
5
286
73
38
7
45
31
121
15
44
20
67
28
92
26
48
80
306
18
120
0
35
66
8
15
118
20
129
6
96
0
301
123
32
3
8
18
10
19
11
1
63
19
27
194
37
8
38
3
184
306
50
8
15
164
1
150
286
37
306
8
47
39
148
80
9
91
52
66
5
48
28
82
32
1
29
34
90
79
3
67
25
76
96
4
82
36
85
47
90
0
63
80
114
7
26
52
99
10
135
15
0
89
88
26
112
0
19
8
73
51
554
7
311
36
38
172
432
44
172
5
37
192
62
66
192
0
37
28
148
37
118
50
50
73
322
29
67
308
53
15
32
306
82
91
38
432
4
27
37
85
53
72
80
96
27
11
301
90
277
76
34
67
37
10
19
20
74
311
271
554
286
118
185
26
277
2
74
89
26
5
38
154
114
114
10
185
18
104
311
3
96
35
5
88
192
39
48
6
189
44
329
5
31
180
62
77
20
554
99
129
184
308
1
554
52
185
76
88
129
36
33
92
73
82
120
40
23
76
17
5
329
49
121
11
306
28
72
1
104
53
70
52
192
70
6
96
72
23
306
67
54
44
271
39
19
6
28
40
0
40
39
311
286
45
3
76
32
184
99
50
85
80
308
185
118
192
12
172
2
44
37
51
90
9
24
286
7
41
53
306
41
25
15
47
329
154
185
189
23
120
49
3
189
3
88
2
96
27
28
301
7
73
271
54
180
154
91
96
41
82
308
15
76
38
51
286
70
15
306
154
53
66
62
3
277
286
194
180
24
21
12
47
80
88
12
184
80
72
6
112
18
180
24
9
35
0
8
11
21
2
40
48
6
17
172
123
25
99
99
24
26
271
35
91
112
112
44
306
15
322
301
11
18
25
36
104
5
180
120
271
89
19
74
48
26
8
49
114
41
189
8
189
121
3
192
37
38
180
57
286
25
7
37
67
34
3
96
311
47
80
5
63
53
0
18
79
192
9
271
79
3
53
50
36
129
36
47
19
129
88
44
47
4
150
62
50
99
54
11
28
39
8
9
129
32
9
57
164
37
52
41
39
57
26
150
554
24
118
150
79
172
27
90
31
54
5
2
90
76
21
17
45
39
20
301
63
194
104
39
51
184
99
308
51
92
29
5
172
39
114
54
85
44
89
53
49
1
80
21
189
33
67
129
70
554
66
76
54
44
12
45
0
80
96
11
1
6
73
185
8
286
322
26
189
185
180
9
25
77
114
189
311
34
48
154
329
47
39
27
21
10
25
92
2
180
271
150
33
15
118
1
82
53
79
7
41
62
45
40
8
31
12
15
70
77
17
36
67
135
70
80
308
11
311
192
11
194
74
121
194
277
194
45
3
277
15
49
47
38
154
10
92
118
135
554
44
80
189
277
44
17
26
85
189
104
29
189
21
88
120
76
23
164
40
76
77
76
308
47
35
39
40
53
19
49
90
6
45
3
77
67
20
19
91
28
5
189
114
24
329
120
88
277
36
114
89
21
27
192
10
23
112
112
52
88
85
11
66
66
67
57
1
37
104
63
129
73
67
2
99
2
77
0
92
40
185
192
17
329
2
63
90
28
82
25
74
21
36
164
29
329
48
17
32
29
36
23
92
129
51
66
40
44
99
154
79
194
2
49
118
19
54
49
50
154
57
311
277
79
41
35
54
32
48
25
15
3
31
33
277
89
26
74
76
0
51
23
148
10
73
40
104
20
129
31
120
31
180
57
40
67
74
26
57
189
135
12
34
9
50
25
37
308
21
91
77
154
66
88
90
54
33
31
322
301
10
301
35
10
80
76
194
329
48
38
88
172
180
52
150
88
322
80
148
306
189
135
44
123
45
25
20
5
554
41
57
121
25
67
18
66
301
29
164
123
120
9
180
45
80
311
50
184
10
77
135
90
12
39
4
7
73
301
184
27
172
164
62
51
79
8
329
41
21
12
301
1
194
33
74
91
23
47
53
3
28
432
77
48
120
329
63
21
36
76
306
0
329
0
47
9
432
31
27
67
10
180
91
29
51
51
164
89
6
57
8
39
35
7
37
2
63
322
135
77
135
38
311
1
148
5
67
189
148
6
286
36
311
29
308
10
40
8
192
271
12
40
50
88
118
40
7
28
135
40
96
24
150
51
185
19
41
90
79
54
7
1
164
25
40
92
37
194
36
271
20
432
89
8
45
19
104
40
74
57
99
189
82
118
17
19
277
20
306
271
74
184
5
37
27
31
41
49
21
54
20
135
0
2
286
36
99
554
44
192
57
308
180
37
77
192
48
185
74
277
123
29
154
129
180
164
118
53
57
286
0
26
57
154
271
271
172
38
20
184
148
40
92
31
24
91
48
41
80
164
8
432
44
37
74
41
51
3
12
172
194
5
329
129
27
4
66
185
28
32
21
52
89
9
92
99
150
301
118
19
154
0
85
432
74
92
82
9
23
62
76
135
432
114
31
121
92
0
89
36
286
12
62
286
37
24
18
63
6
53
48
180
62
123
306
77
172
112
554
135
23
114
2
118
180
52
79
92
41
123
90
6
432
184
19
104
26
47
21
286
82
24
120
29
37
104
40
50
185
54
184
45
277
2
24
329
135
112
57
194
554
40
70
121
48
19
89
2
35
19
35
12
45
51
57
92
135
4
0
32
89
104
135
189
19
1
24
301
24
91
52
51
45
121
85
70
123
164
48
120
91
96
8
62
79
308
0
192
104
184
24
88
164
277
164
66
74
7
135
49
308
74
6
120
33
322
28
118
129
27
180
31
47
301
44
301
40
112
185
29
306
44
148
2
11
79
322
25
10
24
80
21
432
104
10
11
47
53
27
20
3
121
17
37
9
8
329
3
80
33
180
271
41
90
57
120
26
77
89
51
52
49
85
286
82
48
66
10
12
118
70
5
85
20
311
79
82
18
172
67
